121500
1900
1650
1460
1430
1400
49
0
0
0
50528768
67371780
84280325
134612742
8
0
0
0
65
0
1920169263
1651076143
909670447
758396511
1970170220
1852255608
1768697717
1650686050
2020370221
779055918
48
0
64
0
289
0
5902598
32595
265328912
21861
0
0
261157536
21861
261155664
21861
0
0
261157584
21861
265329744
21861
265358352
21861
257
0
0
2
1706615360
32595
265357392
21861
0
0
0
0
0
0
0
0
0
0
0
0
0
0
0
0
0
0
0
0
0
0
0
0
0
0
0
0
27
0
261157296
21861
261157728
21861
261157728
21861
261157496
21861
261157496
21861
8193
0
1
0
305
0
5902598
32595
265328912
21861
0
0
261157840
21861
261157248
21861
0
0
265348752
21861
261157296
21861
265358352
21861
260
0
223
0
0
0
0
0
0
0
0
0
0
0
0
0
0
0
0
0
0
0
4
15
0
0
0
0
261157584
21861
261157480
21861
261157480
21861
261157456
21861
0
0
0
0
1
0
261157584
21861
265313216
21861
265313216
21861
265313192
21861
0
0
0
0
1
0
241
0
5902598
32595
265328912
21861
0
0
265348704
21861
261157536
21861
0
0
0
0
0
0
265358352
21861
0
0
175
0
0
0
71
0
261157888
21861
261157952
21861
261157952
21861
261157968
21861
261157968
21861
8196
0
1
0
3840
0
261157888
21861
0
0
0
0
265340776
21861
0
0
0
0
1
0
16777216
770
161
0
5902598
21861
265410400
21861
0
0
266317456
21861
266317136
21861
0
0
0
0
0
0
4
0
265638688
0
0
0
265617408
21861
261158176
21861
261158176
21861
261158192
21861
261158192
21861
261158208
21861
261158208
21861
160
0
977
0
261156128
21861
-1082130432
0
1065353216
0
-1073741824
0
1073741824
0
-1069547520
0
1077936128
0
-1065353216
0
1082130432
0
-1063256064
0
1084227584
0
0
-1082130432
-1082130432
-1082130432
1065353216
-1082130432
-1073741824
-1082130432
1073741824
-1082130432
-1069547520
-1082130432
-1065353216
-1082130432
1077936128
-1082130432
1082130432
-1082130432
-1063256064
-1082130432
1084227584
-1082130432
-1065353216
1065353216
-1082130432
1065353216
1065353216
1065353216
-1073741824
1065353216
1073741824
1065353216
0
1065353216
-1069547520
1065353216
1077936128
1065353216
1082130432
1065353216
-1063256064
1065353216
1084227584
1065353216
-1069547520
-1073741824
0
-1073741824
-1082130432
-1073741824
1065353216
-1073741824
-1073741824
-1073741824
1073741824
-1073741824
1077936128
-1073741824
-1065353216
-1073741824
1082130432
-1073741824
-1063256064
-1073741824
1084227584
-1073741824
-1063256064
1073741824
-1069547520
1073741824
-1082130432
1073741824
0
1073741824
1065353216
1073741824
-1073741824
1073741824
1073741824
1073741824
1077936128
1073741824
-1065353216
1073741824
1082130432
1073741824
1084227584
1073741824
-1065353216
-1069547520
0
-1069547520
-1082130432
-1069547520
1065353216
-1069547520
-1073741824
-1069547520
1073741824
-1069547520
-1069547520
-1069547520
1077936128
-1069547520
1082130432
-1069547520
-1063256064
-1069547520
1084227584
-1069547520
-1065353216
1077936128
0
1077936128
-1082130432
1077936128
1065353216
1077936128
-1073741824
1077936128
1073741824
1077936128
-1069547520
1077936128
1077936128
1077936128
1082130432
1077936128
-1063256064
1077936128
1084227584
1077936128
-1069547520
-1065353216
0
-1065353216
-1082130432
-1065353216
1065353216
-1065353216
-1073741824
-1065353216
1073741824
-1065353216
1077936128
-1065353216
-1065353216
-1065353216
1082130432
-1065353216
-1063256064
-1065353216
1084227584
-1065353216
-1069547520
1082130432
0
1082130432
-1082130432
1082130432
1065353216
1082130432
-1073741824
1082130432
1073741824
1082130432
1077936128
1082130432
-1065353216
1082130432
1082130432
1082130432
-1063256064
1082130432
1084227584
1082130432
-1073741824
-1063256064
0
-1063256064
-1082130432
-1063256064
1065353216
-1063256064
1073741824
-1063256064
-1069547520
-1063256064
1077936128
-1063256064
-1065353216
-1063256064
1082130432
-1063256064
-1063256064
-1063256064
1084227584
-1063256064
0
1084227584
-1082130432
1084227584
1065353216
1084227584
-1073741824
1084227584
1073741824
1084227584
-1069547520
1084227584
1077936128
1084227584
-1065353216
1084227584
1082130432
1084227584
-1063256064
1084227584
1084227584
1084227584
33
0
1
0
0
0
2
0
49
0
0
0
50594560
50660100
67502854
84345862
7
0
0
0
65
0
1920169263
1651076143
909670447
758396511
1970170220
1852255608
1768685685
1481394018
1936026975
1869819489
12334
0
64
0
913
0
261160272
21861
2
3
4
5
6
7
8
9
10
11
12
13
14
15
16
17
18
19
20
21
22
23
24
25
26
27
28
29
30
31
32
33
34
35
36
37
38
39
40
41
42
43
44
45
46
47
48
49
50
51
52
53
54
55
56
57
58
59
60
61
62
63
64
65
66
67
68
69
70
71
72
73
74
75
76
77
78
79
80
81
82
83
84
85
86
87
88
89
90
91
92
93
94
95
96
97
98
99
100
101
102
103
104
105
106
107
108
109
110
111
112
113
114
115
116
117
118
119
120
121
122
123
124
125
126
127
128
129
130
131
132
133
134
135
136
137
138
139
140
141
142
143
144
145
146
147
148
149
150
151
152
153
154
155
156
157
158
159
160
161
162
163
164
165
166
167
168
169
170
171
172
173
174
175
176
177
178
179
180
181
182
183
184
185
186
187
188
189
190
191
192
193
194
195
196
197
198
199
200
201
202
203
204
205
206
207
208
209
210
211
212
213
214
215
216
217
218
219
220
221
222
223
224
0
913
0
0
0
-2139095040
-2130706432
-2122317824
-2113929216
-2105540608
-2097152000
-2088763392
-2080374784
-2071986176
-2063597568
-2055208960
-2046820352
-2038431744
-2030043136
-2021654528
-2013265920
-2004877312
-1996488704
-1988100096
-1979711488
-1971322880
-1962934272
-1954545664
-1946157056
-1937768448
-1929379840
-1920991232
-1912602624
-1904214016
-1895825408
-1887436800
-1879048192
-1870659584
-1862270976
-1853882368
-1845493760
-1837105152
-1828716544
-1820327936
-1811939328
-1803550720
-1795162112
-1786773504
-1778384896
-1769996288
-1761607680
-1753219072
-1744830464
-1736441856
-1728053248
-1719664640
-1711276032
-1702887424
-1694498816
-1686110208
-1677721600
-1669332992
-1660944384
-1652555776
-1644167168
-1635778560
-1627389952
-1619001344
-1610612736
-1602224128
-1593835520
-1585446912
-1577058304
-1568669696
-1560281088
-1551892480
-1543503872
-1535115264
-1526726656
-1518338048
-1509949440
-1501560832
-1493172224
-1484783616
-1476395008
-1468006400
-1459617792
-1451229184
-1442840576
-1434451968
-1426063360
-1417674752
-1409286144
-1400897536
-1392508928
-1384120320
-1375731712
-1367343104
-1358954496
-1350565888
-1342177280
-1333788672
-1325400064
-1317011456
-1308622848
-1300234240
-1291845632
-1283457024
-1275068416
-1266679808
-1258291200
-1249902592
-1241513984
-1233125376
-1224736768
-1216348160
-1207959552
-1199570944
-1191182336
-1182793728
-1174405120
-1166016512
-1157627904
-1149239296
-1140850688
-1132462080
-1124073472
-1115684864
-1107296256
-1098907648
-1090519040
-1082130432
-1073741824
-1065353216
-1056964608
-1048576000
-1040187392
-1031798784
-1023410176
-1015021568
-1006632960
-998244352
-989855744
-981467136
-973078528
-964689920
-956301312
-947912704
-939524096
-931135488
-922746880
-914358272
-905969664
-897581056
-889192448
-880803840
-872415232
-864026624
-855638016
-847249408
-838860800
-830472192
-822083584
-813694976
-805306368
-796917760
-788529152
-780140544
-771751936
-763363328
-754974720
-746586112
-738197504
-729808896
-721420288
-713031680
-704643072
-696254464
-687865856
-679477248
-671088640
-662700032
-654311424
-645922816
-637534208
-629145600
-620756992
-612368384
-603979776
-595591168
-587202560
-578813952
-570425344
-562036736
-553648128
-545259520
-536870912
-520093696
-503316480
-486539264
-469762048
-452984832
-436207616
-419430400
-402653184
-385875968
-369098752
-352321536
-335544320
-318767104
-301989888
-285212672
-268435456
-251658240
-234881024
-218103808
-201326592
-184549376
-167772160
-150994944
-134217728
-117440512
-100663296
-83886080
-67108864
-50331648
-33554432
-16777216
0
545
0
71
0
72
0
73
0
74
0
75
0
76
0
77
0
78
0
79
0
80
0
81
0
82
0
83
0
84
0
85
0
86
0
87
0
88
0
89
0
90
0
91
0
92
0
93
0
94
0
95
0
96
0
97
0
98
0
99
0
100
0
101
0
102
0
103
0
104
0
105
0
106
0
107
0
108
0
109
0
110
0
111
0
112
0
113
0
114
0
115
0
116
0
117
0
118
0
119
0
120
0
121
0
122
0
123
0
124
0
125
0
126
0
127
0
128
0
129
0
130
0
131
0
132
0
133
0
134
0
135
0
136
0
-1053818880
1093664768
33
0
63
0
64
0
65
0
49
0
1920169263
1651076143
909670447
758396511
1970170220
1852255608
1768697717
1634494306
1932421488
3157615
33
0
1229800520
12589
0
0
0
0
353
0
262605696
21861
263119904
21861
263120096
21861
263120288
21861
263120480
21861
263120672
21861
263128448
21861
263128640
21861
263128832
21861
263129024
21861
263129216
21861
263129408
21861
263129600
21861
263129792
21861
263130032
21861
263130224
21861
263130416
21861
263130608
21861
263130800
21861
263130992
21861
263131216
21861
263131408
21861
263131824
21861
263132016
21861
263131600
21861
263132240
21861
263132704
21861
263132896
21861
263133088
21861
263133280
21861
263133776
21861
263133968
21861
263134160
21861
263134352
21861
263134592
21861
263134784
21861
263134976
21861
263135168
21861
263135408
21861
263135600
21861
263135792
21861
263135984
21861
0
0
145
0
261162264
21861
-2121323072
32595
263626080
21861
265219808
21861
265219936
21861
265231312
21861
265200944
21861
261162264
21861
48
-523138693
1632529511
1382311277
1701080677
1718968946
1400005990
1634889588
1968006503
1936290924
1819307361
1987003237
1734439525
1415071077
0
0
1229800520
12589
33
0
68
0
-2060747616
32595
-1053818880
1093664768
33
0
63
0
64
0
65
0
33
0
1229800520
12845
0
0
0
0
305
0
0
0
0
0
0
0
0
0
0
0
0
0
2018601489
32595
157882738
0
2018601328
32595
2018601424
32595
157882997
0
2018601344
32595
2018601424
32595
157882997
0
2018601328
32595
2018601477
32595
157882740
0
2018601344
32595
2018601467
32595
225011992
0
2018601344
32595
2018601457
32595
225011987
0
2018601344
32595
2018601424
32595
157882997
0
2018601055
32595
2018601424
32595
157882997
0
2018601066
32595
2018601447
32595
225011988
0
2018601344
32595
2018601436
32595